[
    0.42385741 
    0.71636016 
    0.52738431 
    
    
    
    0.48513308 
    0.67032917 
    0.54633271


    0.53376822 
    0.61779812 
    0.54508317 


  0.57504823 
  0.58748082 
  0.53296729


  0.6054008  0.5574814  0.5183959  
  0.48457021 0.51241905 0.56276559
  0.50388888 0.44540085 0.54967389 
  0.53497364 0.42053282 0.53321868
  0.56703276 0.41086958 0.51984604 
  0.4654207  0.51528708 0.53231071
  0.48792861 0.43781128 0.51370871 
  0.525042   0.41713108 0.48906877
  0.55974031 0.41476921 0.47121417 
  0.44406042 0.52713661 0.49941126
  0.46244497 0.45373568 0.48092307 
  0.49959209 0.43159322 0.45989853
  0.53444397 0.42496843 0.44482416 
  0.42401807 0.54776848 0.46627464
  0.43558858 0.4863348  0.44916583
  0.46079184 0.46005309 0.43484428
  0.48725521 0.44473906 0.4226883 ]