[
    [
        0.4430040224024483,
        0.7659131014900937,
        6.464001103267947e-7
    ],
    [
        0.4969645716590004,
        0.7130105788221988,
        -0.013344857841730118
    ],
    [
        0.5435665896190974,
        0.6447243107750892,
        -0.02501145750284195
    ],
    [
        0.5810025116501475,
        0.6058716272291756,
        -0.04163162410259247
    ],
    [
        0.6086175127389903,
        0.563902493440543,
        -0.058522481471300125
    ],
    [
        0.4924290107199458,
        0.5162995190861195,
        0.015415611676871777
    ],
    [
        0.5087877782758086,
        0.43777838940600533,
        -0.010062780231237411
    ],
    [
        0.5305788228983084,
        0.4037546348186804,
        -0.03638030216097832
    ],
    [
        0.5527970829513519,
        0.383778426104757,
        -0.05356891080737114
    ],
    [
        0.47107713252262085,
        0.5178907725803169,
        0.00200139032676816
    ],
    [
        0.489216411835553,
        0.433738766777698,
        -0.020869949832558632
    ],
    [
        0.5125958387304512,
        0.40218581041425094,
        -0.045854341238737106
    ],
    [
        0.5385115239773864,
        0.3855750838233718,
        -0.06269106268882751
    ],
    [
        0.44965983148573146,
        0.5293057250170337,
        -0.017351021990180016
    ],
    [
        0.46546314813355727,
        0.44801432308611017,
        -0.04073835909366608
    ],
    [
        0.48790075834547075,
        0.4206361325406491,
        -0.05438097193837166
    ],
    [
        0.5130173117173967,
        0.4107160798691846,
        -0.06155417487025261
    ],
    [
        0.4289736852155437,
        0.5522239199607882,
        -0.03973681852221489
    ],
    [
        0.43979276590746796,
        0.48205090495004393,
        -0.05993004888296127
    ],
    [
        0.4607338543002556,
        0.4495774796241311,
        -0.06669722497463226
    ],
    [
        0.48530983491346713,
        0.43305192018375926,
        -0.06913340091705322
    ]
]